4861843
201396848
272094176
217994194
167214954
145583430
15293585
78318783
3009965
136510231
138589191
64594476
6050211
228206672
137085413
5093031
90421086
34160720
2884742
325344977
373873193
282443499
13270201
57600702
30807168
329709892
23840590
347296743
164738221
42090830
365118993
117432994
93519188
150451022
143376044
1937258
69244923
257840401
306821911
310016538
3836949
143710825
7269264
139498517
11028822
6946426
145874500
6025663
10768739
177763531
132254664
195277013
348689138
-24072569
52175290
84927808
149258623
377164009
50717356
4644247
-16779120
16819921
20272561
199304515
325589558
44903046
46270084
3926881
38453108
172460132
375592569
24427930
1011011
16446471
7945016
205508396
11154173
263337797
23696133
365576155
1922713
19744741
54442677
377096740
165003981
192974525
260530903
357360342
2386136
266372829
295626395
252426649
15390356
104522792
29146127
339125993
321154572
353953994
59965137
237785759
9792883
14767131
10228288
171623279
9446728
3469427
1432134
134355157
224198764
53388774
4171207
312989730
5465022
368045451
310251086
368525024
225284665
274788309
326715964
334354505
330802484
14027561
1776983
72503210
366540811
19900615
14201437
11095810
251124380
119624542
340097597
236009576
5890616
22026045
169358587
329743077
123592999
371390952
3216628
221559168
3128419
131507314
24184429
80769168
10765168
90057504
897916
17044115
3242621
10083442
359195370
8852395
16297605
28270184
280982076
96245456
17551520
54749258
80183983
148914785
270205350
126040117
3368435
20665079
123855759
65470251
44814537
100133443
70936874
2669674
48658217
18312916
54664119
157385072
32349281
40178539
16548978
184198107
167628341
144126129
105894143
311658329
29767614
8961810
253487478
80383812
20253532
9557533
6186485
40827319
5658387
376178040
33598628
378689580
21886286
365237162
373132611
113600987
102565589
24839606
220463088
696088
137804994
6259453
5248167
291970648
122431496
140613305
367393850
347518467
362227692
376777555
192937950
287264508
6063299
141930473
62403820
3539729
2018309
6814253
88896818
308062227
63212758
85130661
191781974
203634909
67787836
138987115
11019903
9520879
326174731
4046054
4812267
318343593
123042973
372879264
4922055
279874
26760836
167011972
170255663
22235975
11868987
118539219
4316642
67965643
486798
1018606
362173447
160458399
94803753
106736178
5597891
138419916
27418860
191650826
17290822
267883513
15760592
177621073
4372491
116991432
10818062
5242325
114270078
138297252
259313023
227565795
139118135
106170960
378631472
17771021
143286097
250618492
376976880
376517935
60481453
157117257
34720489
351308523
13260142
253280743
153990287
276968888
62751373
7124624
8198163
54736877
318459801
2858192
17025136
2866087
256785207
212794546
610661
236390630
1120231
219290018
232300350
14095458
42059026
890643
220554510
138678123
6350434
323324884
370995795
51802379
307645784
21315083
51806787
137573886
315226150
277402144
266775399
4677611
1721750
322426934
54658459
368823307
1222665
272939874
153694766
21799658
277157372
220384262
307277748
349962939
56193239
211419399
90358114
44590164
197641078
318102899
2727219
368643489
369276416
77561863
377775291
19636477
4773791
17366968
260137556
214377852
5590256
106154
327103239
180122406
70425919
312750966
269496486
289026720
69620390
311158409
208749470
208945835
2608281
3866357
4130050
27412616
269677568
289055767
117542926
38684921
376686005
4658369
11396643
86200931
182285219
38687895
370918780
113528189
54553953
14354664
18579684
1052483
208909095
12937293
328691904
18288864
328225276
56434603
174569954
63464830
28306035
16556563
17772512
2075570
229481781
7605514
319911673
360670841
132059795
188547853
326125908
197263208
313374745
15840081
258419952
258035385
28843972
11432100
90712940
16901180
274555051
58246955
209538248
106600906
6719982
98700994
72549137
128661872
616999
378334208
180708820
204118809
27301961
315248577
29248818
252565877
195340505
337263663
323194413
51593558
14719687
1274199
1134049
18564126
5204011
29783384
378201388
187093409
206971894
346146007
295598680
12363042
101603139
630675
186788401
9771326
25651106
24393196
275327795
8577608
137927012
3703619
36287172
356555321
328061544
361736626
1848592
359082336
335201923
351001813
79658214
33907113
68766041
2142742
8006982
27162692
73358604
2301039
241663638
289422536
88809364
310905236
54336428
14160627
162504620
7504165
85776705
3608998
151597914
272388258
100253915
23162402
301648874
178310685
346109287
99859632
8065164
134058475
6684948
80019564
118986703
119500731
1461247
4589400
4578354
2140497
151542333
4255278
6013893
348051106
16101555
352033214
200597322
371200838
121393344
341660171
21930588
341741055
206740525
357103963
9310955
352253502
15925441
293359002
12281958
348926567
222407087
187187726
295213246
237477740
220042182
7833799
368719082
354416512
47645569
147300198
36094827
33589603
225741009
327680248
6362080
131902303
117121286
28754403
321141172
328947883
272496312
16398823
201222908
24511739
96590600
7072512
96962213
93201046
274932179
6480905
363397837
304352628
70793543
4605339
99876342
135397632
203958837
178264490
153238796
181358282
12071758
349222475
4472431
371444013
119717899
21196659
349306382
375459306
358704161
3011554
4386275
12556580
12715450
40983457
96527176
21006895
112130081
13626471
432251
134024446
305217889
21636840
30722047
6639044
2005126
24680584
209087593
9587582
166684559
53904284
9365353
62059165
271919990
14076188
147765486
2479199
153196879
19362671
370944543
29788172
29257476
277495662
65518682
6549754
3531868
34764412
112385601
217242314
310634928
3092317
9444028
144067857
28982744
9622399
154766614
371467663
375883943
272286869
87243987
340855967
281347369
151436847
370140029
1636544
12835667
41547634
197235366
2665976
32369596
135499177
369097884
5348459
54246484
46847992
211460943
145986242
345560045
220906435
926174
2336118
370825229
11903749
36547804
94746948
101020301
103923760
9267911
80398180
1338831
5413153
240147025
9678055
12021006
1866679
91777660
121552040
162666596
351336156
143288398
23911127
155590573
355617921
44970910
375170127
368990114
311702409
82420816
235374577
90764811
142787089
134189723
291422061
11624959
117472819
2159777
211696599
147688698
5375826
362988254
333
136758749
4453072
1685420
1891382
21190991
10635221
375869034
6267711
5412737
305145787
3976180
188983344
338172247
259305675
8569321
5895464
254475898
908984
78012190
6964712
326354333
37548840
22421594
32936049
137085226
2301891
159278391
319699780
146152904
164036635
109338117
9625215
158515759
4679109
344884100
75844673
14753854
52081266
6254632
184980854
325238834
253871594
43379304
181629452
4516264
255056145
6212063
5712194
346575401
5453180
15874100
26159429
29448868
12871113
368657118
312419834
136953260
23076119
35029190
365277196
148410019
28287653
325130725
64744027
3379889
14908260
313945327
4740202
5451050
325350690
190494753
137688023
365357538
343631555
268111183
364008908
46850558
6099783
151349048
367736301
315618772
81830841
280534943
372423919
572552
2619332
239780804
11245768
147749716
171467296
6125159
317082237
6429189
306461848
303056627
2925007
322201662
16388311
13467081
306503814
126903087
946415
265918721
334535832
40934748
359611458
359578363
145457699
65699964
12188338
138494510
102711480
196770566
353199721
8282486
8307816
164416593
1809584
154726730
22412431
140510467
2737500
4025844
81529487
376180806
7371719
272227585
25038884
106267824
372956127
22533459
301229395
681445
228938295
4295123
4947285
3387295
94401719
36622697
152893992
22631336
106414803
15440602
220407334
13611420
136138482
90117355
66334831
336739246
286800186
27248858
99314310
2439221
355082084
41134704
7985139
327783389
46286467
24650478
328235596
78435027
6449713
373756093
11665539
200897700
1521823
257173825
52590510
170829057
144519458
36076149
60662814
359166894
15125748
57796010
139271306
353780148
18155047
54864495
56846256
12175038
166846513
237206387
135633914
34634290
182089740
500389
34876453
137394312
5178068
21112111
1851499
20496128
23022424
287885957
300036751
15629467
20860570
306740706
12326191
252744459
365528702
299030424
16861871
10258032
214852273
15271832
37423958
38006310
35505279
231707992
7664719
226625752
152263624
338001110
18783138
14436824
10139053
133045720
239017968
10925066
8212685
366083955
248289692
50103557
16279901
343119593
174131164
283120534
272440290
173566408
13794891
1088149
3402400
93300465
57149231
22083174
42820751
81759422
262142385
95656292
334284888
192401055
345917688
5276753
24906241
258673622
17535370
27070413
24782844
158480043
12730581
237752007
50716656
271527107
60307166
13094100
53691097
166466050
107417433
133808155
77276850
8330906
6860928
107314167
339747649
251662427
79374415
65075679
139156963
1827808
64320586
232184672
54820658
83712683
115378567
169345254
245463756
85284998
214003304
4687727
234026055
141004329
320030397
19459724
13428267
177043804
273845100
978557
36227297
342166961
33851741
25947459
20486001
1106091
26123306
376096133
157741423
128821606
159792881
30909721
368059707
234369739
376183193
154722566
127648623
3695108
134421902
289610205
60868279
118579467
118196071
358965388
5335476
376067548
315733498
17451299
126380668
4475428
112079960
3671144
12430419
363734326
173332258
225485599
1399414
133370572
15572348
8796314
236264983
3813496
256340367
18775457
1598319
60770768
3675111
90167998
25443291
243017982
13126798
61786676
8415525
18551151
251909583
227525944
11474060
256165525
298381931
188348235
11209741
171101608
371219294
5625431
3493175
97656453
283693487
117870147
304500681
358600077
7663595
365559760
198487792
32737384
305125594
61857830
263319539
4029714
63016643
154074397
337077621
45929060
219909432
50121414
35585621
8297666
310092601
244715670
194962927
51794636
315541680
69727204
84936583
4564080
53337719
22226392
307144646
170767751
308852032
358391948
25399665
23362258
21037286
172472465
367135604
124782894
189737005
22147032
370340162
374857056
23147479
206059149
276864356
317715635
200156250
50145044
20639964
221647122
61844486
223590345
145280155
365021425
174835057
293160021
362570571
5740021
4734923
288913286
38293453
327259980
114253201
3864570
5804576
94216933
220135501
57416248
184565879
27241654
323069728
33184609
18776159
7798896
255650878
137085804
26420904
135222027
118539451
134147348
58491
219149843
295252772
19124164
-63094204
64215616
140614065
55505683
90759197
40494595
70838785
320606655
26158119
85228205
44312095
191723326
61465417
31494671
72565565
173393752
176834002
17738693
137628872
231972610
27038897
290791891
58393028
1842858
79840009
773737
79990680
3760993
250749223
74624766
368834652
198431557
276082405
37511202
3693588
224410121
153772504
352687291
7100853
16485836
372898132
5406929
771339
153366917
230936665
153969456
9470441
54142422
318027175
5079437
100947122
291672076
10373745
172355481
124981779
302177279
3107768
371702587
371861200
355410117
16633216
7040837
8961553
5948900
9940947
371851311
3031431
197797603
132297291
21184827
38420765
366519419
184517065
23262448
372170209
5913254
280658161
71829729
63054057
273400031
29227806
172539445
336161061
239261195
86797925
3451441
165011300
348203994
179267778
92180351
30814412
7855594
257230308
212664865
34522529
133232372
129956766
303147939
375161455
15126171
580441
5562399
7579880
278069866
369751680
14459770
28023846
62693276
35729560
37361701
218718972
91206695
306035658
368201971
136632105
346098096
55827742
29510076
237368224
136086326
59584962
301184925
259892354
117556436
65959612
101389888
331645416
89296888
195561939
181078766
171042869
366924235
22648531
291171790
257405146
303285671
259042791
4483097
17804624
10236281
2976864
95119803
368667535
9268299
183770431
55791334
375011274
62788901
10213636
-123809103
29020203
208377602
215695910
213984935
214483273
275782214
87450680
366376117
35404880
23006064
88544697
670841
146875120
135554154
192267989
287232924
4547945
38630744
371687428
342614702
46188463
66076989
374946686
336431804
13051134
5864957
141960655
351206612
21462842
9269085
290233541
5569427
290622979
269450978
28179858
92143481
7225181
139068480
12589652
45078873
326389194
169851727
253138531
1503680
22302148
25127552
374728178
19574777
77274689
15119624
31140385
309941463
3815352
40934195
2300891
94404673
148331051
173187226
34080246
197906068
15127771
338060934
15972645
14751177
307127998
134713404
92877288
85240428
364674495
3390535
62798640
39266818
38090037
130916280
197020589
73760643
1409708
20340434
310671559
172045035
30366449
14827746
5711881
215369706
274619932
365540206
199185352
313991208
160168590
336791523
84623642
155974217
20030957
120036987
294917571
7049435
34084873
353592533
325759902
136641903
286265396
301241219
280514660
278669210
266216988
73854178
10575023
306307411
13963052
8598196
1869842
115521448
58353108
34902704
14638390
270673128
169037620
21024943
350705927
138952955
285841554
62241120
229864775
77476778
1692404
143643733
12085169
154350359
32094329
247057891
3801872
370206651
178683134
100933780
320011084
34370788
359265920
84732261
179631759
374413462
8789822
28589703
14585358
30542005
61747367
13958796
40597509
97873321
6705759
3551720
2007852
235115283
185525616
11017114
11429594
17049763
264474711
359896432
3855071
32719884
119569985
10163599
36429735
31432156
4938884
28401459
29098008
104907594
92827836
346395038
51962238
259681582
49729839
19688412
19171751
7825116
41546343
144239538
37273572
2414891
212085849
238737643
8128817
58405734
79431776
52396831
22925564
184325539
56892475
43042276
124391759
2568269
216327488
47871710
11003876
313308749
1656433
273449918
230076838
49916371
50388334
324454995
557149
312874133
12583484
41543190
981204
20129196
6374822
13648428
19956261
230855657
223598304
39817845
299544809
12157151
264731692
4087654
19040059
24918845
29655084
132696721
273733493
126283583
373925643
145907361
131906609
2358113
11380038
2557694
193639945
33166863
285631046
31841130
13507676
47903439
176111247
87085756
79705938
4458161
28931224
374170258
145039830
162223902
20145558
52611615
197505906
292184325
153651589
309244563
64176760
4285808
3634132
59170050
20068551
41608347
261005638
97296814
232656362
90873184
32115229
250123081
124619608
277779829
13305468
55418891
330813579
298834380
41481953
86127895
102582473
10003868
4866188
316772194
313337167
353113950
169164070
6926865
12940403
59953163
32241772
12414752
35501246
179471701
84615512
322823489
112626565
12985362
2084150
270007821
318751107
28832083
350674873
99600455
58113429
101357909
91260107
250219615
323500507
370290275
21438010
231703891
353503866
30228458
168761631
1647030
77630361
88331786
12008292
88619629
4216834
8788034
20692015
5857881
2695042
56405099
11842519
202242885
373801679
68114977
308924156
3604704
4841860
274457506
10045003
38355986
174972596
9272327
251054907
197847257
14812631
9391400
258174554
183008707
68330947
222822845
172173408
169024862
17704014
18859421
98318325
6520172
13168908
16464359
267712050
249796584
315262658
131764771
372787023
292388563
20252775
44368577
22637960
13136165
46810059
13495817
22781016
2689059
2548884
1482329
23240292
345219767
121803307
3951192
88068671
22556827
2592771
259839980
12027375
268135076
348831275
14642163
168809519
166541108
121318756
311499180
170373336
100230176
366077981
17507481
277128157
163634328
174635529
45694391
334078
371882130
146675366
203780758
11094500
234966431
283136396
345882106
4171600
155158001
168943398
59590502
13901785
108270044
34172553
358008076
367308864
5302522
25428469
256730156
103692514
20725660
104849185
335634231
8351170
29810883
89357878
341402303
86091619
-38306835
142251088
370700807
249384923
12031651
5691731
70159473
210524618
212035107
159478125
6665362
158795267
37570036
176331303
7308944
306049046
31707451
26737295
69757183
38961428
59157251
4698982
87925805
180307111
13017654
371745367
159307040
146312396
23691437
6517352
248569288
141348954
109247559
332826359
15872880
203309060
15229901
62362277
29953213
337592918
28081147
370042004
339113602
77083090
194120181
40844907
18304647
3766681
156864616
237887352
3629679
19182953
273132159
201439271
333830581
132985857
56263139
109522498
37359684
176304394
6435723
264577027
109489267
13723866
340619767
11715068
59278003
345207354
9818315
373314119
253990288
270054148
46587396
134774554
91632698
6703207
222301163
98084140
12080911
237307577
8570215
30319446
277683536
40588011
346529677
21545768
293052589
101700147
39816647
19085693
29476263
6752437
335378794
33371774
358263948
17433005
8027583
87978433
99905942
64592106
12179336
369092655
77596960
3565276
22640971
306106210
3963759
54671553
138842585
120286236
372647967
2895475
293273035
21436227
44784327
26789602
267032283
116581480
27309056
290391499
259802400
180675174
1750170
226970578
2712684
25365378
140338486
251364924
29557576
6303518
131553
25100369
22836028
137841924
29800521
297061047
47913112
344096231
87192076
316683638
242039
18196492
153307095
200061498
166908949
334887692
251079882
303089654
160322498
11354579
17112471
292335324
206949280
342453754
14730735
90869408
335759206
357484142
3092305
25388360
110081678
15191813
354955832
140051562
142055037
148235195
723833
42708813
303267312
170466219
111836860
8148915
13714118
195755840
138469291
9670152
4001900
10951614
15408315
20530429
331691182
365097328
3792582
54035667
243764973
352567784
11465195
372913858
138820555
364059257
7492978
5376523
2959298
222470341
37171644
-54546904
278781301
367639517
365496846
70038628
26238317
359391984
174441529
83235688
42363285
357857675
247976471
228975205
2543024
2300523
81150290
23761796
4543002
2051526
167804554
1391644
12768427
34726838
588837
366456253
268533306
219305092
4434388
257026068
260835530
746136
291378587
297419391
60540169
11094972
73314317
15567199
735364
1075025
-121374571
174896850
405835
14369662
49730952
111203362
34525845
333345725
124300232
6865766
35105160
24274349
207075160
57157023
160207481
364458133
53019306
367023367
96931424
372321288
13951
891071
30671024
207478289
170877418
72422823
143646366
4835637
85259688
4272713
33370200
4432267
86053612
1726059
5257078
5329299
4777751
2082228
150024187
25859069
299525488
153076516
6807534
6665658
360213340
68208832
160381554
359381829
58778921
2273826
133018041
21318109
369547924
15294149
5108604
167192685
326289996
45092385
356567036
45169603
32654902
15064397
327956872
309312771
13703136
36793691
2203520
37330190
4266788
26750636
316204456
155698860
154284084
334926290
24497492
15699661
10373545
37658106
283136774
82754661
229866791
23123409
62108891
13274204
33603520
239338182
25704765
253185070
212173028
17594261
29119476
3674640
298896100
351630094
6184075
4424291
202044502
217612646
153773117
12920695
362710209
162736778
372639974
8356087
8273441
83339808
337673989
10770701
245717447
19670347
300558203
56043139
166916541
158363090
94296486
45445118
14040974
114100055
18846482
13350360
30527302
33149266
356989483
16160247
304632752
348160817
12494404
8245541
5716310
3726529
336840063
354364124
22170385
43560796
137739995
260054070
173266617
42047078
24372869
229021078
10373348
144413532
66896574
4332980
8941983
292621398
7138572
358986244
369741669
89578704
32953607
14523424
204325984
55544020
81354256
20009977
356727400
92640719
354899356
4665115
64983969
362174124
157065455
6059312
182193813
226966456
179870003
178672311
256224463
10890019
350958559
372507333
144702366
136033527
19346674
4789453
7177397
74704002
16312962
362190108
6324520
184869620
366454141
42781738
5493821
361141018
112020790
26137764
4471981
8778397
5440151
87216383
45828881
14536139
29402113
219199341
349884950
277821202
276056807
2330653
371449547
73529739
356751613
2761987
362571359
74950675
7324158
3437978
344215435
70919164
154846726
14691501
22770814
370704378
2621168
133528422
18849271
38772834
171344207
209948349
80306441
312223088
178671882
63014
181115174
163610173
1529556
250560980
218841368
4417945
279396157
221020314
2751967
5564390
361415682
94131426
346248319
106420491
372303888
168465017
51520482
4280779
38356933
246914484
194179876
343745535
26899985
71950157
163507
45093905
125627456
47873778
306236442
4896804
274093327
5226521
72686889
11141775
105315226
252339499
2552319
38162755
16251413
161900312
4333569
142538114
43470853
184975011
201485520
368803836
364564544
4376620
308249025
291708734
369718119
154095114
270470405
55798297
185297550
159391132
16334771
63575806
43471788
335526750
114526988
55517895
372100961
16465629
74706865
69651294
58028413
19927924
160487610
370743627
8411274
186644278
369422740
14390421
194675843
336328435
17548505
314831163
287372471
87966813
40793776
300455601
3941500
16088378
26500532
6912139
367016747
16432773
71403947
217777375
213785151
168256907
11497311
4204558
18306219
12004362
148137731
29396919
221048926
91308464
171670510
75955690
66355906
106039612
304423040
139748636
330813358
151952163
251550176
13668844
5904344
57727061
146600955
8608030
26294053
15802634
6787343
295900482
23442679
242042514
254657760
71325353
126306442
18254475
52612114
4180014
371969415
324372612
365096807
269351390
54487914
39352937
369797669
212511045
224910743
252799930
7062511
276321075
200886036
24531738
86311096
10459184
18638664
175877220
107362360
248236802
74137587
19586823
68837411
172369536
314852241
347582121
96270710
34649393
3414709
102562601
4600039
60735525
61776050
96603368
246246420
169587292
225130508
51866243
2895009
11531419
1462680
23565471
20456159
3146252
367838440
251588276
72539306
16829634
355068606
20817505
7032620
106104342
94700322
366235060
268748806
189991569
52138992
2614482
198650848
90638013
190975871
324010956
141386349
3779640
23786749
326266455
351439554
6499117
3495421
7939553
11720894
3667771
63723964
40519559
8506962
10135573
246628752
103817108
141053568
12340151
8119598
65089998
14327678
4174450
43811251
9032448
370172432
2290291
23904817
67123119
304845756
368790148
6346868
270206203
106734041
337653486
41268132
291377649
3709062
86364430
9301111
9655764
360204122
180177286
3806296
309352305
53075831
16836525
42211871
51422835
20801106
2484256
12554389
229043102
370983622
9893779
324568679
371469435
121082906
221417663
12229881
50305869
140839323
26245889
49400158
21751061
45747377
86799801
21076476
241798481
54395845
56924665
31407673
196166849
229821975
144715666
300378899
219639627
317999964
215467294
364263961
172364568
7022075
344604627
311661975
326519566
212438837
307644383
244661351
26748939
35283636
359793402
222967097
147525940
13714901
150735574
44894862
289096851
57084562
218973999
141576019
251590775
279167820
321051619
360335724
23512280
178061130
330630091
44316492
33639384
352001724
7941045
347758339
286501426
20697352
55511612
73178517
1787067
31704548
32305809
300905513
3741908
16034320
192849293
93897716
132221875
40706308
-108462429
5528296
138558320
300538911
357621954
-32385495
4527134
40983177
2923577
11728274
4739776
5762928
134816508
6922788
68414053
39726720
333987839
144340947
3567991
175691061
73250313
49578192
343963947
223677020
9426015
226236642
238091289
59944767
370448442
12505795
93921701
135028554
5498625
106154690
224612130
38636661
43438393
193427027
23592931
51367223
2663991
64731883
222502707
9743861
188373168
37379457
337974908
89562826
174994045
16877768
281482702
78919367
239916097
183527788
202043369
280320255
180796317
103180612
191213477
328363354
1324639
333297662
288584515
3642503
35425992
171732778
4449555
52388586
244570362
4544256
310625160
292543609
229179033
83501669
340129267
24366788
17810529
7060735
94394761
354075879
180257508
77832143
59066067
232405574
367217733
349396642
9216654
15433310
29504700
17422614
181843172
371559
28510971
223842943
296971339
97395922
208796113
38130826
294886132
7514120
565354
337412342
16282410
134920805
229014343
23044230
7648556
228483067
332680246
23101516
276835421
30149993
153275120
118788937
1302774
39603915
2952757
93077906
20882354
14006742
3800190
211876824
16475166
337637732
135620252
2696869
30292733
136300293
325633525
139130193
279161565
294397516
248727388
4883201
92308443
24249432
163419775
158167283
29634244
351964468
321756876
138238379
175093013
288179751
7785896
271060792
16741505
109964078
37641442
8025772
72561873
304076376
40413541
143335365
352723630
87723886
264439874
265604462
33161919
371277885
237572561
96639921
199634139
4348195
370252035
34650646
4371008
371432046
144929444
296405796
3554233
194532183
198682854
45844508
204908
160292106
10907123
134732943
365797627
238430624
210864801
208154216
354012033
12068176
25544526
53459009
202895325
293203805
167805925
219798525
12929674
47505704
222833038
54587253
29639696
361916697
149114416
314126558
49662992
194950587
39555462
113519
307220830
163679751
53035454
8883604
626889
145058967
29192776
202316855
343800250
13477081
24257662
15267411
7674167
251918334
340814173
6789102
289978261
2656482
262509587
365736113
158655015
343274707
39813803
197905410
87156908
6481491
138155194
206293221
24271132
60196443
209296137
189040477
163914011
3068494
9931724
52500472
203697905
248376145
155579954
5479263
371123916
190583002
218557843
69734225
264303563
370785046
182421082
190947478
9851199
347595774
62660929
34076673
2304165
297129965
2953147
313730077
7646588
8686088
1875912
136756938
369764787
72904481
2745884
329895570
161021702
2122887
368803959
49484336
105363709
344852107
282786620
365865514
251661331
121324987
336939667
202745038
301120946
7224878
136670401
1053655
766504
245722848
5080536
30912776
3639601
11827532
22217848
26623226
360991841
144470151
329938485
276815780
17215774
26867140
329660354
72247409
211708435
205650516
334814071
17489354
15416543
5230191
173925577
6563437
52128719
18305755
23449899
123878357
13047431
339676555
257151617
346199510
39832242
67708450
81076524
50716159
1540860
1347223
27643394
20190094
7548042
6486000
83580344
305217445
1471636
7654156
273493085
90015690
179886836
1179881
52904082
18041989
481662
14648957
50572649
676815
219077714
10361413
182451436
224158726
135526058
111563624
15404897
50646449
77077800
267505785
69797704
18292398
38556069
20218115
235539867
3174897
156961657
147684018
272175220
93877594
3972128
14806351
8782220
259355768
344469076
286703565
363780909
326087280
153065805
36850752
51736661
62749326
334757380
251928740
12536740
2764102
28165401
219884603
54842362
322624831
47917617
1410593
134582773
237936948
121715064
270187297
159152071
15399203
11138255
325561809
18743363
329460180
12868801
319619863
18056794
230727408
6689398
18739532
12464003
5895247
49441583
3926689
368482650
256149135
366497955
192897756
21864836
46036018
185747821
33494648
11910593
262747263
34395319
86873966
90137571
49826779
92870244
141212538
139374209
366634114
308255452
59649027
35676741
313672635
369986647
186625721
277491839
289775054
22633326
280586677
323955641
-2000000113
239327781
3308807
279149553
306196790
171073355
368721825
369053477
329675355
344461985
343867315
319011696
27719619
231746077
249150029
170367378
5296018
4324375
15922185
296893971
43830809
320008731
292291811
20282360
302614796
28135610
18201894
359282050
368763861
318432686
89096007
179601868
304575598
266738427
10283170
4835635
15572359
364958648
69048647
4014709
363501650
7355047
3996152
3081596
878
66748
3676316
209859905
239292680
370064620
15264730
24050449
137883088
325127741
4074716
208782998
8795422
237682000
20386794
207092900
7892976
112793578
290683
4234509
187808542
177989350
58376744
213267716
274147355
97735294
3907862
139047018
81626853
285594481
318568251
71401044
316501353
3954774
12973835
30630505
6599670
61637
216366075
84568464
9663210
14380920
327544389
65017788
11755423
104453981
156254053
745761
197930753
234099106
179512501
12236634
5452801
38872429
249713164
6215324
270501616
466512
7937875
9541166
5379677
188562745
4476793
134057072
252230569
307631883
15912813
133528050
204378042
344857118
333606683
216077808
4452593
134638981
123096558
17221762
304041680
4681520
1644856
333315227
151015689
17077051
282725702
168597160
94340252
126513782
23249184
11738453
1980517
170072578
1012636
211696651
3567814
2271026
246359576
159983968
44811906
21190991
205200259
171578042
147162776
236495499
172644409
164313728
167116381
364078087
52126836
4741403
366377335
9936608
1857573
19364630
137313951
356665048
367475747
169471180
1372344
65489793
15540525
254782366
83840075
369048765
24439991
157314567
44101004
4542207
307893994
13866445
7429928
632914
279004085
234047011
7099726
196931507
3314245
311693039
3079998
26948125
5172365
9361339
350152411
1854067
5241200
2021891
291034402
357404281
152791847
346756405
21707952
322649008
13328469
311843925
34123316
101164189
21230312
366546686
151243845
362076841
369265777
178037175
3715515
348583588
91958092
19323337
156255873
97618570
295471752
100788618
30872083
312239717
355060886
272978050
1966706
192986707
108508020
216885983
64549060
1131521
168982009
191618786
1318044
161059485
356813987
358995775
333465182
128004935
22607669
25793791
148338188
7280400
60227913
78249670
28269872
142892832
359060184
18451399
240670830
337001597
139448142
244489294
364577425
114251442
4290925
74672809
144342452
342869569
153875140
67753581
222478786
24915095
73271468
12012157
51758793
51812011
51885362
14416711
3117418
199286601
324305535
370355342
78933086
313289654
44700236
124814637
980309
367707097
345322750
364555057
217638071
19362509
299746992
245071989
651213
188755149
168064471
117882995
99040739
365744320
212180496
172347967
60365098
76898467
22761509
305133313
99864521
181393800
357804528
340935834
8173464
43724806
23093935
356025435
330713474
144865890
163655754
39869273
151117131
368902479
1574631
192310682
147511441
310024767
3773256
132308894
147472443
6669803
154161814
21135518
361490240
13487855
11637533
89397382
91023208
51124523
52076917
150960829
109304739
360095109
3439866
48529960
4640608
2411655
17157416
1380928
359776274
56175030
105091956
172967152
19864288
316359970
260547451
120991618
52868200
6820095
251115268
191082076
22259993
77922597
242004750
17367981
6692780
136041666
1618998
9932007
84105654
3328776
210246558
230297638
227287210
3351657
161876030
18027678
40220569
355692461
17967948
3870746
17093201
11630422
24378503
14598261
369380863
152009756
29532445
7030893
51565046
358869609
258279829
51686535
12413916
222676227
194445492
94859801
331696031
239688171
1704166
2864642
39918523
14014777
10254754
13926560
200090639
1873161
368665170
317779220
194543167
4466348
53758169
15681537
1580525
7727846
355723655
85125448
37090618
228535361
25115283
11299400
165309876
12087015
22159844
16841113
367236304
16118693
297041518
23131358
18669086
299549743
354460847
23849453
247722461
362128911
3680404
77239719
213467451
165811030
26956567
11245518
14172321
213442022
36512606
150445835
139387807
334071747
2766155
355492355
304164155
17741907
227999682
12417519
54229100
49524433
9531655
366528035
336042447
278060690
6405840
16285580
21165714
215025949
174429032
3492018
316851399
2658241
28741470
14778154
135531419
369746057
7135774
29640155
368097443
357798835
367222518
148498237
355398979
29369415
180489378
63456529
2756726
195142474
352448150
167775686
2544400
129290
6037476
135938632
208700788
56796638
331952243
191435099
176021871
362255055
62444617
307552614
1557299
44426959
11317407
63822652
1111356
367477397
139677354
355111737
13095509
325175480
17346492
206172766
356749388
765784
362647543
116106723
37400740
15780392
4228828
126695663
18909238
74666778
7477616
315641207
298078
233167138
138069022
49445221
278365290
369899358
218277950
7160270
57080313
18628100
41518743
52969366
368943271
4794713
346610437
87810081
153136153
160381353
91675016
133659115
11189462
179041858
295159680
6009119
152640562
60780829
188418774
295002103
366321610
15441352
276427234
120045392
243518589
74420
3207759
90248392
33387157
67907249
3830359
5651320
53238124
188807590
34346936
25796314
689302
221579310
259207811
21900694
259817618
95896728
11797013
221731615
169276457
62973803
20800241
2253799
114674716
31813463
26903722
251103501
54953743
217069244
80790577
157635173
3692694
16438481
137523692
353985852
12233735
1561598
74749503
121489433
8610
23074422
171143796
4057990
22783496
96932496
15385435
286202783
104979033
19289719
167609133
220618976
185643731
15155977
68571197
284530738
59796090
100197909
51766493
36053375
172864345
3948410
135225600
189283282
2827051
203441258
231761574
37000713
4294930
21471683
2698036
23894256
296640478
168571179
35289607
4905439
156695434
13840294
178183141
62571737
239239829
244934946
103096383
10043020
260999335
79160788
200141468
28486969
9306517
164305010
312195313
349744743
2551430
2223423
152946216
21682715
5882182
1872209
216761617
4852378
10087451
365678080
18119835
5743634
18557204
194334926
232404218
337836482
110154229
4571572
102124154
6401195
164138632
305321090
214047156
341603965
330312778
6899251
3006116
20157257
1656484
237901628
247542148
352201417
5776833
302269732
11550684
354955631
3833913
307847987
76220535
325193036
333249932
37261519
94755581
347672907
77738146
362801756
188564974
1492643
11445874
110860941
219806489
368753899
138874608
49538752
73097837
302393700
212792261
278106288
342852007
368477451
304620706
3576647
29842606
11534195
368579047
33307442
8832669
349077982
50418386
217478660
123293998
234624791
41686316
18466269
46365637
345582827
3940028
38442913
10235019
360981698
189683126
10517089
155003611
179133514
21463950
87853409
68867503
191573149
289482521
50784378
80679683
72894459
215515718
8479010
246477723
346435615
5451479
137880965
188712378
981536
139985956
5907012
67725935
26153741
175389144
4069373
26609998
235743242
4718300
364548097
348954791
66806816
25699113
46249826
10176219
368085383
116720891
41410796
29800061
143785033
35540822
366676519
360132756
324616025
15708707
21367260
177657992
186390724
239731916
284004057
32877822
254731511
25543541
10023329
212661926
34137125
55054426
45992967
4488536
58774921
49887035
190266086
367159496
4449812
18635782
9800235
88322303
281419523
3326660
311655930
368536766
78499728
322674748
229915573
275249214
147574675
4254923
334513633
56702742
11889124
356560706
293445734
59177900
42732824
250768634
191324420
214393637
196018896
28681345
73352947
1802885
86872547
350379282
298632144
354274644
368037539
120026804
10404088
181156990
366620420
4733045
8604152
210826221
57364302
69373856
352636554
3313639
626679
23162134
298926632
64225426
1131217
17957933
220172498
79111890
169228147
604009
4150190
8071797
27355012
12244698
362409871
10309407
14278233
286437434
259288946
148390687
5656370
6207267
251374927
8806990
18214329
204518920
273509570
249727276
3936287
56469057
353274870
356996753
131991104
7014325
730958
42011621
20819425
6526726
95565650
26845044
296187084
142429405
2144141
6116780
3322372
233497965
351195585
84837995
231160331
139827475
323139097
153858370
41357847
161909
2666923
186919136
365354032
312111127
211953205
74160662
328059347
237872217
237872217
4258213
180812836
147903560
153642775
365693575
2352743
345052686
179627367
368652476
90835277
6082887
241464785
11180028
367556703
89381860
38654537
14666326
66738526
3732002
2425096
362060312
182549583
110839564
240799874
198205094
366226419
1770327
219694859
363424167
290517
291205777
93792203
346309852
238962673
366221223
367093541
5776899
9140338
14410567
137061079
76338902
259904331
6374075
43190062
8227474
8109667
323180939
242036782
262953145
147446632
328571418
304893019
69959670
346770816
360897000
231202022
150353602
366635481
1099544
142264106
139512260
10439496
275582772
328115309
56864757
26546146
109154592
315059033
4383391
14165674
297416158
17507990
131680424
145967890
8281529
13690264
10463580
48713512
365474064
137475201
6439434
244162368
84891981
197283081
2299104
9259553
342775645
173621693
350381625
57027433
351242629
10579025
81762446
137798515
31297354
258715596
77504930
16708539
15974314
246444161
78913909
297216923
27979620
284118852
27689468
20540268
41624934
143175079
3257770
15619649
16893339
24798865
144689957
229504296
186904083
168921977
90971735
356632036
6669718
171054616
36420728
295511443
4673012
4365790
7950910
43552199
135332477
140364106
12648014
348884892
104362814
367645439
761962
23483767
308841554
196147267
141498007
323727262
368527962
15262200
8649309
11225274
11102532
208682672
170964228
368503067
303293307
176030982
9680724
335607240
103792489
236676359
107476625
265783494
43484200
12125431
9796252
164946410
183619464
101281280
227565410
6599317
117702643
117648677
353955164
152997800
7120330
145387399
2416165
927290
24590922
162875816
367728691
2477696
34061634
19100866
51641894
82723493
3217875
23380423
-76965627
4353911
77709685
336679880
178722653
12178894
84544507
16877644
7065302
968046
31866762
37430833
242706941
343258120
168000642
93792083
13692553
30586855
7061962
9146266
88028755
330098247
332228044
25867594
367771475
137597214
11356030
172672395
45362934
50497210
231582
50889781
170940153
7346548
7452253
20867354
8552542
59699996
362186084
368519843
332647594
74056203
255623754
299995993
62202336
264545002
57354654
80312107
233462837
87666565
56073929
1572194
180064277
4734071
13154831
244328429
21142964
9319222
281221848
328909797
64211985
192232439
21402676
65089004
263626293
6444899
245216039
364796836
204215631
7233268
258200395
21380285
238415432
4007564
181246348
239550510
357097937
4241949
132561059
181604922
14872359
62909933
42136795
17142295
24079506
15828080
49028559
2818057
5415282
42002906
182218547
174880936
345772256
28569324
1159985
24408670
92695402
262976461
33293499
29527757
104131152
157428119
19835391
23201222
18063239
2435178
13650593
2161972
12074579
3838567
172291495
278303944
56016370
362862829
204929879
5231892
327363371
199413262
248207872
187676607
353088216
351993438
26268519
7016598
47487252
270211691
10067771
154860505
185859436
203696339
361476
349603238
78075046
368187699
127957541
154446179
183641835
3803112
364390568
314145771
104267358
37597
28814437
170622764
134293620
205788191
172443780
112647460
62008912
159733894
343034287
7410440
248743813
33560817
23570953
20374432
14286714
5984216
48418344
175009412
18614225
358643769
359015836
349956220
35272895
81668577
239821145
314058362
18678850
6226856
1699234
51392458
33784457
52362941
25682687
365457842
31219604
171416011
16009001
356080948
323320139
196023
257231254
263730078
229558194
2075035
65095684
138615714
2859583
10962803
158486197
134827484
50643593
19619004
87350795
10003211
8289408
4814009
355911690
48707507
92344075
20245873
213396939
273215731
171563336
4432653
20930685
11377819
72675868
366560571
248474691
298330152
5695719
51934515
1548422
22036548
39735826
367929169
-73662138
109050207
252579530
10545864
190038249
242092005
159465483
204673930
266762996
335905183
13219817
317017868
8705265
47087686
343543134
5537836
93336843
355471923
366652311
66328929
351913872
339138654
355106950
16124140
2733692
366898238
39317839
207990483
125195049
62041630
294384978
295171468
11552041
4471996
305845568
366064156
30456635
6096046
32427838
17728271
206985715
37882204
9937048
75625799
318591552
21331551
8469426
306557439
262125047
52686993
176579358
41921041
35516305
298102388
172551506
27320225
5316190
19730375
15851323
3527064
136678563
3636625
8156991
10862655
102318689
315711688
11757392
277716042
47472767
2218432
63275109
18215167
231935327
33880605
10481740
4242116
298957623
1440344
-94841094
63387231
29053454
148179512
19209311
361547513
201902536
8766539
8951765
213904083
202341305
363583573
96286490
6474272
16291167
179932143
214145425
-51947181
932208
107770481
104276686
334103172
8743823
261700405
19946710
133058948
139763504
131513503
207771382
134565487
18490350
138615714
150411842
363216028
31308630
39723712
167339330
11285135
352744883
9866237
897456
81132690
365350743
198541087
273258427
108354916
6640795
297493576
97630663
508931
52538796
131821224
11448158
63147893
108714723
4009635
104413683
365794365
288492484
80281210
119005404
365301436
1322152
358267718
116036686
5386005
145627279
13178347
181247384
7106807
197580534
356325974
312917659
210648066
144778436
18806110
182539502
63271207
175918347
100591283
346674050
64695448
63542274
7974611
14709353
31687787
4333936
6124572
52626511
45607518
53125690
35749404
359001385
367635413
567308
204458578
31558039
41621799
5537543
104688944
151882693
309701368
238372808
141491556
1090145
327245187
54959996
339433064
1460884
310554219
284822863
197654315
139227300
229584205
299435299
25546290
5208325
178280198
6025039
8337572
143961942
16524812
205707432
40229061
277134250
12846576
45277915
668826
345371406
339620247
343500013
1719097
132484455
2227078
290324342
48509571
279612046
230178736
3930498
9394862
47288719
31769837
365428369
282722164
182027603
230678895
1284579
366402894
303595185
133060006
16226812
289025973
114454549
235089530
97866033
229037156
138528573
331423256
29169061
234464442
6687880
31641502
308882268
176471398
94422969
83138816
350662025
344796711
62336427
357204398
58898189
51989825
110082838
179968420
277296406
192234531
37046705
2968647
120781264
62152225
33115861
80624064
293106191
354527812
268194082
93750496
365915450
1761634
22065280
362254097
19087428
273363650
13569071
16254177
236802987
57669857
18926357
1966855
4159955
352741298
5243353
66249576
99685288
154897993
361598507
161342687
357022795
3030588
279058863
200488708
108640246
60286635
49569735
307766819
334933128
1275708
138847809
350669926
1946879
181463585
186215724
20923263
323869185
240366859
49715020
361404091
69770799
36052407
10834719
114158150
151394092
137970943
367173511
259323336
73496983
34382242
12052337
159479598
143901624
320326292
263459649
262080124
217619984
30597182
297040367
11769759
34590667
257198252
335915603
50374426
223411179
175542235
8863674
53400565
38393461
246166741
14722718
60398584
276746269
13665916
343456933
86769083
9257746
272712059
352922413
85911004
358857479
10549912
5505716
137506281
292226621
27909948
161196996
245500174
146810792
46790851
9265508
145597599
8742124
94139359
54900940
132310102
12492767
16172829
215918988
268182556
360575663
357521308
104152592
138472410
366092981
23651018
64739869
343755251
16843358
166297612
138636528
55796692
205762986
343942160
12600736
160320684
364752395
33795332
58893342
68098493
34718976
269704342
44358150
16865321
38590231
356919001
43603725
199576586
141405354
319841813
172387530
9496725
57425029
30129027
293518844
233489613
131852292
189696108
150331600
205878536
5198846
154890298
267436196
360613911
52777943
241838842
3247933
156547639
222904597
273762041
5008690
6917153
5762492
14005427
21389269
27437603
20518064
896950
10709523
360818925
121800743
56738718
9846296
302003702
11302582
677818
44588071
58753290
133644730
50198871
290747282
365929102
4302387
4438329
131748436
150257360
16227724
13252541
116727762
33314150
36451543
4526246
175007985
209124094
18458248
6796687
246451690
229303147
284750543
45448993
101705357
65379298
248234486
283875552
3155608
6729425
8416081
253737696
51136685
54862171
898437
118424536
67474299
5927278
308416709
77786976
322884719
21015118
78387285
1431221
18250628
359610850
270704475
121579648
169069634
319026262
49824431
188942650
44162332
366427258
94187900
3287011
228777614
307054318
187219826
311560742
53767709
34635948
273289877
13158215
24701703
225931819
848401
41078534
122322314
29720629
267708008
2657948
4642901
14281448
230812157
255776855
22294404
23710796
135496731
45942923
26283854
58537218
19277815
211050690
299664299
21363321
21873028
249245975
41585129
15649532
160451684
1207362
239525224
84366609
366714231
15826631
11215427
277949901
144733612
366791105
2545949
310638592
166116604
36878043
81530228
111872623
7886248
303873455
187216008
9490183
335619080
26620006
59364497
34863271
169793687
308621961
99518171
258390464
11665900
54770756
232357494
6051890
46784222
89191776
307948523
362730673
117941679
213709380
327971870
273077494
177654974
143733454
18094227
356140618
9101590
20290898
26376174
31900880
366319737
11690439
362283167
334357107
32537303
11592158
7293550
5293283
80252635
12583125
24958914
364494989
160964600
178321900
157496981
6556630
2400452
42130573
17624918
265398283
79073064
162213576
43351604
157354138
71556215
63445212
14898274
20089930
1364854
170391082
268186116
29231783
352650816
254301972
21583443
161907671
91078851
210482260
6048500
29400306
339369815
3973672
5940778
960162
20190650
40627676
343213216
176141517
2358338
93819569
28712544
228111588
291786465
38363460
316691548
43483964
265561888
6574943
5486391
12340009
246154841
181884730
25636861
9025329
39280369
336124121
8510613
79736619
29795904
86572431
269831177
50112503
31978662
40093115
3322859
197483155
70128596
20569472
47528234
52439561
87429999
6315912
19233403
3354786
45583505
65715379
2224031
89795942
23015674
145376872
341768116
89336559
263947304
7191892
140834897
337054704
152308102
19374175
120037929
4855814
137746739
31653012
163539272
22092468
4193014
21157609
96282416
337885868
1646729
5114233
244196442
247100005
1186233
365505788
213551246
244537963
60573971
247355730
24112409
257569202
90865837
286725842
206185964
33863962
42096361
36806859
204013342
323743838
230040161
120418506
68022093
333846844
322741330
4821468
13490202
38305202
49930258
342791929
68175379
3916593
11915870
336649451
200877222
179434128
141392751
251456060
233181348
3290135
77362877
83954044
257099773
30434845
98875085
176105
343369260
217953335
7801633
85624157
176477088
220709133
67136136
154418733
362023517
180718075
9307407
63301179
160470315
194946315
328075858
5397336
273902851
30853753
223411232
39011496
260698369
261562046
175646943
84678728
41579678
7011673
336882572
10392064
9504320
1300585
64950635
366603730
226509911
227923912
365447647
18052069
201000957
86069278
24048745
74604216
158041495
98710928
339535265
174551731
199002379
8534265
7399200
3563507
29172198
41689062
48355276
39192660
24465020
132536166
141766139
281201953
16556500
334350304
336810216
34642660
635675
1446841
350831766
221013392
349239619
44952852
184469773
2106041
170637926
265747682
1879464
92794236
76940475
4577148
26484550
4598109
166559216
29826973
16429799
32525009
16773318
295956953
90848470
10033661
7835792
154425609
135771023
5977070
124361230
2592790
5272733
259585001
290423618
66919303
2602462
234252224
2921950
270162072
9444264
362317756
51561926
186864045
5592148
252544799
24321131
342645955
1633257
4746622
315479166
286628526
84057472
88387650
145226943
2442637
361311307
403070
1287068
350627236
163188943
352223104
24270530
110867729
6503268
218138
144886655
7766685
217729214
33880676
40561338
157050484
45987721
163263636
17795556
39936394
28492208
69588771
6808535
33686709
243892003
2938084
85070541
7140196
161236315
45344683
140007586
50105879
250956345
131682459
144026174
267383651
211262306
143251531
237921864
323665905
50213972
14834413
-114441108
246120404
138739625
1675332
24224254
217590463
349138899
252557528
127809205
184384755
62790264
69134996
174325244
4114969
139905774
308540805
7839696
358854964
264478226
347987179
153344895
136880895
336940642
362022922
205217821
228999878
168790351
98299223
77348647
56339049
32423611
350269431
275758077
283615681
9280925
212852932
365664079
24850156
55229767
24963150
165390917
15221
283996972
162678912
96403111
82518913
52792404
229489528
256104918
30392458
261508591
216171746
264502930
141943556
32337548
145399739
127971504
58789782
99539956
12725168
2128400
45107264
163296269
354925321
2380708
32685493
363555578
4077001
116481291
353618465
28418289
34379472
125080887
305287883
143479
15907175
360197058
38840960
64396495
4398403
126050840
44033842
106513006
54443536
220304342
9224858
3323103
68024876
210968566
26573776
110678500
89636372
203265371
49280712
6120080
39098604
131569857
6883030
5531223
16281533
33464488
61490204
266927102
11861704
325625047
18702791
167495732
95806429
227253095
9639820
5096520
308172570
14427478
307388180
163536516
100648914
69473828
27116508
340025751
66571075
348306070
344389467
3210149
15067
125163942
12160632
713455
33050817
303429951
89294804
291245519
70552213
2724420
327674599
362919141
129643420
21659504
244487462
288098650
311446143
37172464
88658962
4066167
17722035
357027787
209566978
279943720
24982311
83055115
163638916
69901352
24059752
40002701
61474759
18928154
345397201
280404446
22743320
19231692
20261194
199191641
311346745
304806250
12644040
24208340
94935811
46750924
6129949
13465151
101430134
44237477
4238874
327439814
351653443
15258239
229178796
14493392
48798145
183987270
239465310
302960446
1765366
3905211
7775026
9512017
179154309
334357507
277461637
10442021
8195872
2627088
94467085
54702871
12222792
2553494
243384304
172223732
183851704
142533768
10742121
8991430
363709622
305792455
336559665
6023080
153894624
94175369
91717686
20437519
16635709
276569732
27712052
96211117
24179104
145046245
16886742
66806486
14523113
304251834
364454706
85332760
139986053
225938666
34029491
306765236
143690481
196106743
55479199
142171815
111505104
343763445
133651438
4028758
290890832
1991084
365524238
276324829
282608120
106147689
41029886
365530999
68447293
22882187
24489858
273488579
56488414
4538542
353680519
206466310
75326374
212939105
11525814
347996638
19017606
119941171
364879605
302598594
211262924
139325514
176114795
3377549
8041910
222465343
318149868
155446613
360510094
4449993
2809531
294409990
292118575
264768950
174793416
316925691
32166283
11871863
253962382
210627335
304586921
35431534
205319695
330593352
238402303
342880231
71511229
88791291
256555917
50578033
5505198
135011276
320127270
231910922
9545863
10218960
12955431
223447604
18296110
6588209
12838123
82095152
7589838
13567269
363768923
450716
22021882
263336234
140001439
292048742
318109836
360661877
63022310
652233
325634264
358736590
360344726
52251985
311204696
12788208
65112355
21051435
365511840
42397639
25977825
52318641
78506732
109791310
225236253
3799508
28805401
24466533
8097957
118948918
133304909
317038694
174155635
364076771
10914647
18605517
283322267
247667260
150704826
324292448
16430511
95329261
164146968
5798886
238359472
339112991
10674300
2513729
32061627
166931055
333176612
7069562
5074829
1240047
5299514
214793028
165137131
27631399
50414888
5550384
23754376
169244939
300244812
2037755
35390302
17402110
3109299
2463610
364052046
304923880
90169941
15428452
14086255
14706411
91755736
13511832
6077575
65335515
177558546
225434777
49525897
69401529
217354641
80032316
330686555
24759435
63845582
781171
37296928
320709169
3969865
126600488
148000900
122043860
163693466
47532663
68760350
25808853
157789866
16669577
138173679
279385816
268915902
352135878
84310868
9221309
132919
328684604
294778420
3134550
347562185
132763617
5253305
58830825
8291102
29430310
327585942
8281286
78740684
198934200
306239005
13028441
338472647
10638729
226044813
2539156
226329711
131980201
62912471
26529715
157035919
16520018
17532923
3314473
8811269
195310145
477028
6658203
2314644
13543785
88332532
255661592
3031824
10418933
10349496
220520967
170806275
157192596
5261079
32073362
52538341
145704987
89937415
14336998
87041755
133273254
244051038
349124633
76020298
266159113
38959464
1297452
74379206
5395982
283092058
308332999
346240330
264529026
36504036
278043458
132073102
145443146
196796856
194293557
35720636
53082851
226922824
168578771
245898005
200762123
222406271
81214407
256880433
351095096
62481556
324766105
226028993
240201146
246290713
301052711
145656991
58734151
250712712
100441501
333915104
225445588
327579580
339877798
210585665
57765142
260268268
8420035
19252321
25092938
28973733
288915788
58796432
37670701
4839109
354517835
834468
232269290
212426336
144063170
109964078
71435798
363613173
60760893
100180495
300805572
166964724
362649600
16121912
56060226
4515111
731198
50275615
213525918
70980132
255425898
269976311
196025407
202675068
145749370
359406060
34624021
362433517
1853473
186544792
18782218
258108868
34065381
134581103
121740560
112652853
191400188
289455004
18674502
142305336
209526717
59581498
340566972
20437838
111379611
197854983
361643589
9177964
17722544
21009677
29435434
264182325
355824681
227641990
226528194
4833585
36572095
104603757
218461129
335885126
140384244
8072492
323834429
221740242
33481649
2737519
286793768
213313302
78748009
361146982
334843926
6484292
272405181
276782396
141836529
158278704
342211687
29872259
329924438
134009638
8761443
9595654
25975107
358443947
12028912
41994
16269446
7150859
9754726
40785346
315084601
263723670
93874600
2832377
151263056
11262466
84472342
38894456
3727918
280481192
10069375
11637377
34332217
145404833
2667896
1855522
5461368
364728944
190114095
344670457
3550509
320954900
297575966
144804
2570959
36415384
260853345
20906528
100449055
309840013
13175109
294278250
11081576
312784439
182401886
155238571
364031484
43564261
223071724
76661687
1154911
32058274
43196494
134148407
72182522
37548687
70456490
20611130
293934182
31242093
216473315
3598712
56037057
18150751
3527285
95468251
45277703
236990679
89777349
100618505
137417851
318060329
149414621
82738903
144613399
317686107
263025553
42491553
244575470
63673005
5764768
143392865
315981050
364714280
6746039
53738876
8991491
55940171
49530717
92389262
214325494
331599686
350139860
6341306
31979991
7424939
138669539
54312236
155050276
297799496
212242775
12107976
182045528
32989195
10578028
791152
36884742
19433925
354763845
5688615
18549675
153538472
2830811
4334966
300459590
26849084
240997680
22665873
259933542
10324305
310526334
8329737
212953158
148353334
24215878
242083509
37607487
97220804
289270046
56795815
118330074
18157225
183510504
13197641
10258475
72576909
113590518
51081599
14161883
219409437
128617740
242275396
877944
343615285
236299004
142819733
25697193
161722556
17201730
179544156
15643702
220205993
-61495292
9332326
8290549
223657818
8072836
29938871
328968082
152572859
92895154
29828347
124938304
64199018
12477852
363997206
34059514
7703563
287229492
232694109
25924000
139781411
362481039
10233500
39492948
15801770
131486623
425881
30372004
62880656
35478333
361609810
304786475
249885253
48312706
184085262
285074065
263171306
20807510
245124813
12314194
14554268
340619345
360264417
24711278
9507465
40124221
34859426
278703263
66465272
188197811
174432138
205968776
52846552
9080587
128071003
154530941
17272774
355034749
349217752
10709727
5094600
195581533
144589181
109633662
362848830
981916
4785732
4361150
362056082
339982681
153216641
142689093
19358290
19745993
362440388
185314828
5224588
335659864
6412105
340890147
2261921
360194780
2978483
152162013
36513106
6650860
173879082
52818262
275740019
13897645
121584015
360205263
267043731
266205992
16002660
312919900
29199990
153704601
333087440
135296216
55625492
20037059
154340572
182868125
150297719
95072726
246594125
249830849
38989037
2440093
182146383
186981662
361295259
31769672
15327937
10668316
22066523
354778
148054988
330838078
75105951
293325697
231866416
35106727
138512262
21240692
3788282
81509247
61049419
2715916
213619214
33616895
6475407
26784284
185197481
7638825
5510971
2832619
4261382
73796574
82860854
68690639
12155461
185814781
14440940
228831407
339632480
325788773
156363414
29904087
264815982
156843596
63961847
49066388
2607428
16892076
101450542
320250766
170243180
5202358
42329457
156095105
2059193
314616595
316738003
341120157
324103902
224301214
323437082
16438157
81315366
78341990
15858270
189407151
20542603
171296071
332813076
238016492
317860712
345961790
115712004
121287898
11213917
157366304
260534654
37360387
12367
266748
218974260
143089240
50731199
298838467
339650354
272600566
343969707
1426421
258482353
100117036
112118120
301855802
21723204
102447062
160167609
3143881
199655848
362564464
230007003
128478903
116103365
26762552
9921786
12956420
50371172
361733025
354324838
147235549
4416329
7832428
139688047
2346661
283758646
362767181
7033885
307500527
153955869
65074949
209328238
102920306
207927650
134265707
145959020
216985390
33335550
66180707
146582105
191937264
10594774
153993130
153088376
139023883
39299354
223096886
2793085
66415012
54212183
235753471
229884886
325241761
104805363
88619570
197115886
112164281
92421509
197625503
3277051
269183632
174457564
290735960
358902405
3525678
54717947
174329528
150211210
103757444
103530522
4188063
46419341
12402095
171308645
14297540
4789995
56804950
318854336
150319163
12890456
72490876
124008604
30674132
32971376
112533228
190571183
17451412
2394720
7419588
6297874
20869315
269293198
66605705
72222250
362161162
73615912
269120920
182702056
77241052
179771269
3173311
76461844
5495436
106100896
11802508
10751537
177717934
115058628
361211399
297385027
54909404
294425333
147183787
54313199
236671485
12965763
201209649
139668906
354625080
167912410
359929579
216921958
327861706
173010345
57633250
71280206
14051483
27063791
247403315
4749711
3442102
10888200
25429005
507344
17397860
27303437
57845933
150617910
203462075
98509516
179724979
344564103
16840734
13004215
48722690
28708259
16042782
335520202
26110735
4770728
5396406
362550478
305472173
286280226
95584765
241531087
234466246
313578427
171125383
357301017
191136855
95696065
346202921
154504676
11808081
165366160
41713622
97576143
5949206
1982587
89622145
79905460
89292548
36250150
362726927
3804175
44508017
18898122
139699586
26094715
1417670
160663218
5589754
13073205
355300177
259289285
15207351
355588326
7777552
7258562
5007535
299812540
215499823
15143267
64818584
96955
11698798
6636806
19920049
198931799
29177654
46855676
303368808
309807053
343062616
339272350
1095624
5938924
262661418
69811181
139725510
154425934
9820194
95317562
359415591
363068901
15595191
89744652
66444784
30223833
39371
141306825
210356823
51319961
24166871
4021848
313790432
57581986
47855747
89782754
246162835
107474496
286909228
202178544
53568860
15975035
344191654
125114074
215891132
7609163
162277651
361452049
56430674
195143802
39086841
85763850
221761538
24906277
196830086
58612756
139613674
265662268
12424706
44241273
363283553
27058716
263958992
139812441
188761183
1535324
303358409
363114264
121559523
7822551
18364013
19811664
211954671
192300809
166140653
11151902
9289973
354176475
334868925
7219723
14099053
234837274
99829425
11544321
344728272
287864900
1854710
99677583
250687927
333379414
50505558
2900449
6602669
198412422
205763983
7547980
135535383
362620178
363016338
74193599
68500049
137793477
25646299
165323973
185355076
32543781
350562908
362842290
270443634
67433077
265739806
231914044
169727553
66258975
173103933
138407798
346570207
122589842
290927362
109252470
117483442
254932126
354166677
247866571
235344202
355927473
158781047
1873605
2893268
253164202
359220632
361656743
327769600
5253626
244764956
172058739
98496175
216878389
24864455
1931859
6651048
2380692
20078971
287321935
198283581
268839170
362470071
195222797
74732804
264642630
15550059
167044446
2256634
12311367
181530896
362676159
11439727
202375533
349317428
237876221
90211122
359056965
26613027
4767325
9358564
43198484
321177575
1386014
337479230
49367933
329749682
94986221
22686227
136792819
42616392
82779655
214269985
192569477
155589630
46546839
177491644
51806394
163086745
23016135
13887073
158487566
187363762
11257733
22025157
1403686
112769602
156019509
43704689
3406838
53801050
307972639
36669440
20320450
275544207
158296026
167188056
6046650
17449242
330649679
340666361
150809331
109964078
362610431
337311593
272526611
339589597
96321445
240435167
10256481
172013166
72795919
111231311
14300435
1820928
23560219
99879547
17775776
182560139
303630242
94864153
66757543
193956207
182325232
72794594
354161975
349050726
6891285
35850988
202940893
21255289
109964078
39752637
33670305
348539736
191960625
10849624
360885733
54367298
102947807
33099782
290152044
52144281
70188179
167362266
324994416
162562114
18898047
318681175
198214878
25873988
33478371
351043510
1832600
16227628
291547032
8268740
119620868
39398668
12250921
1518829
357577867
149157650
5774457
334946701
18802438
3259052
323186
26124730
29460362
322431484
264020312
14823987
260492543
349529186
307614944
358772975
362546057
72063995
17804355
1197275
136837197
3992336
321244704
27359221
296983525
7222125
5619563
22026159
227522613
42718259
72899
114681912
1089573
2424197
220626579
286984807
256087442
196714366
170154483
123878178
16599138
355739660
27755740
361133880
193775991
215860659
140027219
211834764
7129809
360307535
181952954
6466749
216658020
272852388
33870823
199602397
313488445
139644803
21647413
22395790
77728338
1797721
700669
65851745
353493283
77701574
14738494
51297500
42425933
66279238
158909324
357843404
146054234
24679020
30800215
292372969
29916336
336443488
216455661
64386799
37564273
247785076
303336779
335772472
7398075
2545052
285375790
83489854
349872468
34596044
38208399
36869420
50877425
362363184
206818046
154427151
103681524
7263432
3673564
343828493
357119273
123766302
20397795
25632781
100403624
94377828
142084354
295856619
19072743
36733089
3144389
6459126
5105865
92287442
3129020
360715566
273068388
20345873
19194795
36529791
131712291
80238821
36340086
128066730
353782345
344242234
229422466
53839986
288361997
50088
12996288
96292206
362263417
137685877
8583899
152528962
217456265
361331329
126358517
346863434
338752634
210852621
11599380
63741562
133938886
294161534
27085992
26304526
342567466
358849415
152328107
9270194
340958349
244591938
96642445
361370324
295923206
275553180
344812505
355589108
109964078
7921749
139343641
96207831
80585019
28198656
152427945
27367993
133564780
20453569
182672382
4855753
360501896
54005911
4194067
794831
2593737
255770124
26439210
72524097
137735763
350255407
341853235
59952578
219565387
89557929
19412264
242307148
3355672
11425230
19540044
258078258
1599487
313495614
5026915
2639335
29655006
362138105
325596683
361886463
26801108
10374092
341410631
19138731
335431622
62034986
305252185
182196957
50011021
43092827
43938456
18642758
115965857
76703844
272572
188706230
235807711
2530593
5573046
25913982
225344824
170408964
248749804
185215243
248574303
360182556
14564192
24048898
33087341
20042260
163745841
321623756
125550762
20154074
193413046
57084365
357466855
173310306
311537722
300558042
2427552
262183379
353429366
248954583
116951768
7193762
2443629
278628991
1660500
15443865
358107889
13745201
19625375
362016056
89709496
357408017
1191011
3213971
160488111
78641026
123506101
9268428
200055821
9797406
157398044
347336212
31771417
27512311
301826253
360574663
13390089
3806722
4880008
6795871
222312603
84183864
305919465
94657481
166697461
6303700
289710566
6821599
198216142
320528140
249393525
310460315
272421796
100065980
283224166
359250628
326286006
277599461
145153152
223190083
273040920
120428997
284099
24169636
82269494
312381261
25935884
224061054
193138386
15056850
5151363
210520776
10964527
171629409
54076430
150428482
270463975
20700829
287253740
339681927
195106070
361278725
72560490
137078792
223819481
6729305
38067906
303888555
352927841
8755872
211115986
71913934
308377680
361432249
180061006
241062216
352379868
332862799
151626810
71630544
16255709
67966777
205365148
221050601
3880752
16512441
208506024
217502012
315642942
293985753
62446574
192727039
358795291
244578747
259147607
26409004
321396711
248050100
123970058
518134
241885260
218136084
337585571
7284483
5420346
3724384
3903243
293168518
65683845
3492789
2106327
16708786
1097673
357459173
10256576
136382493
1736318
9037030
239938955
18066030
905800
33901673
305933188
2600267
64034235
361177093
145255398
131689079
318806120
79696265
132277670
86962397
208923308
185648147
272957175
8555318
354239763
5680664
19075941
326915055
347546730
228682795
140944350
346990780
38449417
37761762
6406957
158349575
112668952
3760512
158158756
8826252
81563147
6134392
316702754
169135946
150461957
2095576
22393871
3758336
359168699
64372413
185082690
212247238
247038440
267496389
216648846
303019800
239793020
15259628
63794848
29345053
30810249
354256715
327383756
226794852
116998297
14327290
89444135
294563756
12723669
1662431
103251032
7825828
356292837
302146066
121282566
32962767
310863963
168273471
41031271
357272773
12135646
6740227
30768970
259401991
356288560
120520693
17009510
25814791
266648438
3532659
153240100
310460813
54221820
39874971
1542339
2920593
248492531
254851226
71542901
322453087
1071987
3497935
39925206
233607407
20858847
19399143
53145036
4514105
129893473
206219209
14629322
119897611
1692289
227249206
4921064
30256137
271419954
215747326
360368851
160034001
277100739
361068165
107537949
151781783
108982367
137454650
119836783
356565825
152160305
2286107
635785
354417063
219330781
169800427
215614653
133258446
103385673
2729584
4607544
24244590
60374690
158712020
274557955
350267895
262559808
347530743
137576339
175358829
7832370
350276839
4469475
132535496
2012476
187229464
82503090
80205306
46354025
46549904
34138760
10324999
165775530
13284422
28222695
10622738
84625659
1627721
179397261
8313422
14839973
268308785
141768749
331755271
235417185
32026770
228261024
357307310
3622174
155180719
297385894
260079373
17144300
17335964
13717911
227245701
275175633
1026874
141142782
215657325
132844922
358353810
4667314
166210800
13328047
45949148
31269982
40447836
51242673
3001236
44156518
231525068
86419567
346824374
2118422
100582063
185335901
6257537
336657360
343087047
29187682
2184335
391864
181528894
173203623
23015666
3558634
54588671
581812
38112460
1800508
339331632
2128287
40661147
3281856
11860558
311491322
4220217
328221588
30239399
83812038
4510854
7625835
-98604471
330644441
95608153
70664412
146359079
18908244
174294791
253940526
265517705
9252284
9276132
106694089
215954599
240626355
2608568
2835571
220874450
43260004
38289617
311888849
360478452
325297474
17147677
8935865
214011763
359355644
75820400
5059145
63545036
6384654
205095990
292035881
1527718
341190803
58722483
14223567
59185062
196247551
354769990
76251933
66708238
352701226
136913012
4760352
40891561
2990502
15135211
355140143
357214365
180581453
233867985
181469098
352837092
222908988
262454000
169681019
5516183
38028381
326228564
14593204
3719088
102396421
281421758
59773620
358943795
256384998
51873722
190612753
19086207
184638623
18145093
353724753
133528680
53099824
176612726
191287852
41616081
27407782
11466077
23423546
241871224
351736268
165709438
55725639
4153906
5842859
11409794
155327217
191033827
187958
126078105
38727623
10459327
81922012
283000252
265851309
256269042
14024275
337512013
314883733
312858392
5303314
234161452
59620694
10155781
2752068
22784057
87334148
34245910
18211322
4391729
61730935
100847335
18894977
2007718
359658640
181452809
6168438
360060231
27583848
353144317
21590766
14042692
6671719
19462419
175748609
17163343
328862573
21361278
240261544
4727821
3332595
64907302
51690715
176161992
373127
255505566
652705
62598990
137219278
244649872
325417853
32114198
2066793
93919042
62037760
335921244
306132546
5089586
37167017
30770237
159767593
39286774
294819402
4295718
33187697
190446574
18726543
50157247
14438954
249325078
5419809
22500098
260419576
152974539
6011957
5495555
135494470
64262439
353384908
284189517
348568017
320660926
359965191
334024170
257888477
154078272
339375221
12359450
13217956
330436806
21661688
281366727
45010775
45458094
1787029
6709366
183063924
68565751
144240165
53567114
61475641
231475847
143549422
356489990
66435966
25683532
57505857
13237805
293643820
4327140
48827
7736487
300593134
23467987
143351438
354069073
188508649
20748227
215862092
75170205
341559826
347668877
118094
1749233
358284247
3076229
83333421
7726274
84516333
318533697
162078957
8597609
9150954
356642731
295521326
1733729
17044778
237113317
62107207
11805450
7286196
10046299
39738946
88422982
279170420
232366324
73475336
170476871
7540179
144377968
14298808
245756646
50283815
13548183
46879614
5335835
19571907
279069694
88817051
106255479
310495832
180014702
5928674
80789714
354493221
31561230
27581724
170153411
5749892
109964078
48716324
22055869
325850905
309122763
358234629
359119284
6365934
102295080
278447547
37285563
3769113
75128281
71842399
353116586
15624433
181717485
182485810
150781985
43022591
4188157
183582403
571347
276770878
26492010
255784034
2923274
356282080
78440013
-58502547
2748636
8679334
62235853
1809058
77492358
3574573
55924335
38243349
17380065
215023197
3288021
135257929
105956642
333739354
3757795
265070679
357984705
8055577
91875277
150748446
104556888
52912175
93076529
102396351
347688513
181372403
2880973
268853996
1255668
193793565
168162259
227539525
249011212
288588718
339670742
73302345
155399093
27933881
197181340
94336258
210353297
173717720
32341934
99294836
104156981
22826335
164984399
35185945
12524669
4131132
16081982
141961070
3674028
323637619
329774231
47115048
5367603
8933897
1771247
27966423
200978991
91549473
70789602
280149665
172559041
281039433
22885370
223343193
356261675
146651662
333209132
354190935
126916284
10837172
93446728
19709896
220060018
281180206
17695082
246635734
3503489
10170915
168254325
14211802
25424289
23736209
4122117
358810238
280092803
97102066
72932439
31697303
153931793
13444933
35167907
221251462
290561292
44621078
325630932
86550594
19123344
26760500
160986206
4932868
5233699
14440499
5581751
139639220
3165468
108734067
17657802
12122795
239559083
57848036
10558279
53076879
279340509
149208632
247642879
91665318
4114238
63802268
318624274
2918891
221007156
18874170
-98093993
651174
21087694
197273276
97450027
14804007
9797492
1116580
4425964
23240804
192532103
57922410
2748431
176447735
58640125
139056846
2681102
313271386
235297441
17730351
18829709
4366092
205071739
4277153
37366195
274276006
12069591
46019686
355282230
95885420
63268105
10655703
179474770
340911763
145565704
13776017
47927938
349153014
286642802
170781848
277144880
144161357
24687285
9290163
3555422
140923582
8131574
306777361
10700296
171904846
138103366
3227176
10604150
316051130
62280336
4033318
150782832
63785273
186416178
2365883
287061898
23785694
48070749
335600835
296930550
50930146
190294997
13166625
17501624
170613044
187554084
4250507
153040608
273760934
265808082
356151900
292922852
152922102
202446023
350328061
11839869
348333351
8107423
31754101
35695015
141393452
20723486
319708349
4726839
343941696
1051051
102091218
11806646
351478734
36042884
216501072
44117720
10966845
177106979
29836674
153449817
207532325
250754543
36064201
3609335
2678282
19189581
10244639
278143474
18164297
16934012
271059195
52287123
187496756
203299561
4218227
14035109
92734553
199513449
21626016
314696973
230191370
67601378
122428860
6943793
107704808
12390520
200182492
183393108
139451386
84554287
21024143
16775672
31049218
254119883
32849879
339719596
6134016
5889462
269388109
4477165
279853482
39773598
21568610
75526828
1634534
255670933
17534572
234967733
291083539
72907687
134118444
3126019
11705797
2985653
351217187
316165568
24451449
5638415
4806559
306773943
272252112
315068991
21652170
273551961
96402547
160217236
72639696
64684306
311031640
4272863
306222935
30292033
19792996
11765708
15404220
26109015
26440281
50885208
6382824
83552901
309803715
8347602
118957005
306824223
15817107
350439156
279761636
1097088
134827025
50637014
306711821
37290509
55242905
137989389
253491399
216237436
137831112
215011958
15818215
114450887
5030798
313231804
234705355
135103391
357638636
11642338
292633660
156050776
11382063
249784279
65058513
268126732
293375528
355360659
5503248
102023193
328422527
293018221
356353657
349681036
268479476
112952578
330719587
204033820
5139688
12665038
138424060
33173762
150416239
336573729
3597239
239536988
22452803
175020680
43781952
39654505
346146971
259745119
5267883
17871995
8205861
72169865
167573902
251442418
3733761
110623939
18115420
55494695
92466847
183757889
7587045
3379634
58867176
50392978
266851514
19619868
20251276
57339173
43309737
160083225
171434737
196641936
332278319
21130646
184106300
193703795
131567649
39177495
97484572
248366691
11187289
101020364
300442482
236766399
64559187
147259801
52929827
196451236
216301635
142380705
95205249
298748352
19950351
210074207
9617546
167616226
3828849
5256317
341421402
7769452
343528537
264510351
334407497
230826488
328886838
7286087
164607251
1508041
311404487
356578871
14009108
5492788
7666033
302162150
81281891
306397420
222746079
162166974
114298802
19017287
269308517
18337082
14311348
143689418
11832123
12947375
164344730
121480277
345689636
305864807
226942209
15833610
9497243
348047817
234089407
5303155
309713559
287045069
17929172
301691438
25019021
3397799
72748549
53792801
4227717
135119898
87628658
31687605
7181410
6524468
294571709
2185852
317378922
26487346
13621951
1273702
271394837
8700992
92492630
42637110
36093298
112684983
348512729
146661514
51044870
137257943
305749993
2186282
201497635
146655132
273731615
211857951
282904905
11682619
344425407
58014819
85661191
16530651
355303405
42781766
344160649
4273130
19062250
345071909
354902365
58516707
333689451
6005122
31766239
199844403
38128854
191750006
19132612
209293364
22499169
310457757
336088662
38643562
11645597
94160491
11981655
13061427
146587074
15564776
17300135
2601728
3590990
134269855
276687656
204464759
74592529
55335355
2059446
156241425
2144207
4085620
6751878
8737104
38101365
120838004
121392166
46218836
22586303
143649879
26064505
14424858
152335708
37573843
27450503
182490084
260792457
311546506
310922592
39080615
7015791
1097363
59448270
340423710
111030791
1798031
33359690
5655166
64740469
83365397
165802236
133076189
157017078
2228813
333482806
166682906
13103085
4511443
177304416
352163544
161503757
72211
2245978
9406164
26612736
97929036
1273662
17721739
257664233
305836646
6096424
329456206
198689763
285536849
272033637
4435279
20418421
112070448
284308021
355708339
248405530
22534329
342290983
2093623
20876412
218262796
11878872
26075198
90487598
50557974
5896255
6375577
294517024
8397408
347965227
44321759
7307172
5761008
122355935
79346338
12041982
4251546
282931337
9507826
189491758
3565412
157157297
215459493
132624062
257845436
7008011
295494628
200300421
60383488
223378869
249773898
125416722
3600574
4032767
228049071
251923877
2893054
175684340
333826767
267982881
20617761
302985526
355553986
191745499
70278512
350444770
142217739
52507045
182290657
355284634
352946503
23740922
12186221
342628341
13843840
134673870
345395686
200311639
297456202
302260372
98743990
322702419
15268404
14853059
2791567
58205016
18518303
353563252
86347500
332187536
303788681
205194224
3182333
16348456
159441756
5563192
13981853
49755273
128910866
141962329
13732580
341809696
5690077
220799807
207269390
18613974
22295070
271710023
255025752
4425032
133310757
329906424
138529144
213399307
19852646
876134
10170501
196567123
141014225
18390956
352186134
181753973
23846266
51682686
344672182
183527954
151821616
29647021
14277370
341386271
4112791
41480908
297190818
327092206
7059382
12244852
88487198
51359651
21382447
172008633
224031492
278467044
3015741
260944563
41150324
8658775
10208044
297919265
263854928
13865241
13680004
61380218
233630148
31977472
351214113
88807412
99425323
2559020
101535861
12096599
170713929
164462176
54773905
85106363
69912975
4228040
162872520
139425530
226118298
31763323
287500543
330467990
29532680
61522372
351788384
135368493
351809448
355207536
223699232
271961473
310263671
53307542
8387424
348389777
285293859
96853366
184294219
318517861
5179321
307696978
236180258
298512008
101488899
319427936
50497470
7367886
203379012
223238311
346455333
143811387
67540061
215596542
4676103
52391240
4444367
145144554
8209964
319662893
350903689
177390714
8336695
4686522
354345566
354272901
4306650
171415776
47444058
17703956
48853082
17055710
58543876
334396536
39785970
262151034
41156645
114240275
137901153
352760727
89545981
69054485
17667834
315543506
44108664
12093368
35709937
286000141
343036590
43856892
136145348
168300756
30120625
29619209
8883300
317981410
118961581
134071829
80291968
162677858
30127187
267801790
118682461
29741596
317318237
16542603
352216830
238798109
14049729
33644578
61473021
259115533
62470570
226592445
11437217
138811450
242995973
192954682
90760816
352343667
189794391
94035545
276463511
210753191
27115641
51472069
10644475
240727498
339370115
186394372
352745393
255827616
293296020
310089825
160841715
277378184
93793100
25291858
135588416
287471245
327085632
102407277
139675670
140319345
253259646
351307263
11378418
9308255
340649687
15046250
64639929
316885905
143467481
303255986
346323871
131066095
50248072
97844379
9345390
259431690
25268084
185883770
31010828
1042869
98971977
117138579
460280
267300969
352454042
3359541
195365440
13325047
4120843
89863033
17596342
71089982
353538986
264438370
142555646
6791282
347990651
333145232
208282448
30050337
13375208
33356554
352782658
135510175
5704587
251408310
61344364
7257471
166731867
261178704
20911861
364877
271775144
14298089
169415767
117360821
347451913
272374483
343673002
152840751
18747478
51110
172966169
243735740
-20874421
4439446
109075450
4772448
1249066
306628037
5455271
178135574
308885027
230424974
311256226
59226685
76190206
354240320
10931932
311115813
48191836
3998025
180316688
258171897
8630631
167634675
1752397
158796135
353336561
14952477
200187030
91588582
211015840
8376686
2314063
27331573
110084323
34076046
233938048
178924270
17389399
170437372
26120030
25194922
285127117
3645508
34723350
4336499
257640328
81206888
257808870
247103253
33942117
17840507
177424746
164988091
112617118
5505940
5643279
50404791
353936028
135900322
88366479
1932323
332818479
38136138
56455826
24126160
3668491
138402038
22140386
162125505
75587666
113355361
6209703
38219661
281778440
248452484
139884000
29236680
200010895
96275020
52600195
10193488
97645030
27368971
280953813
296657224
353610883
85187730
333055240
29231787
136312155
14770324
19368809
134086991
4752327
264954965
300582156
90527513
59503643
28024808
18385043
89909153
192950245
232219135
308191142
16918052
224336282
20806159
7809267
140260033
72024534
333762370
152796288
300890905
38628286
7388136
209827784
227548114
353234334
343053444
218618512
33740939
332373795
282734555
207001366
352353181
141703892
302000182
204696566
72157927
5639182
348418585
321842509
298860100
209702621
62142666
82821343
3207784
124807156
6150982
5724898
253710176
2467319
346824615
3013735
39961567
51905530
2779092
266628668
5187411
235200920
289460322
6356313
24610793
4310002
197389282
334048696
140739011
142803673
146622868
98104628
94898952
64263774
158884035
332335455
82149035
70856173
22007725
2884043
61673690
29052995
14941853
3208495
5518409
59175534
235772916
250920719
266883684
289120319
319047859
91018363
43461957
182776105
14665955
2707090
13817215
309019007
138126493
5247823
277473560
287469792
35772463
290689138
3484543
205744318
36486778
141296518
12734818
52120933
35269264
160191824
2429667
12799173
9186915
353103127
60085344
54513687
77135104
218653426
212768746
15598342
238171417
136609177
4842078
347582139
3289786
214692561
232437095
60205439
29208464
24443600
33090379
6513527
5362138
12171104
100
41880326
185854388
285035758
28294456
4283127
167448124
339295751
14836646
348418314
2366443
45733179
285427655
3768611
2478160
4029006
312492742
308085182
77568279
9059082
325056811
352973735
10766408
228729554
346100152
9536871
3158226
3012476
185123236
63398974
99084545
159878875
142482588
352451733
1543975
226713787
232948311
321497078
202569896
271545089
5556888
16570083
26832226
56721636
179606953
335549159
140699851
17779456
51996697
328767366
263436264
46181501
75060724
352571291
164600677
17288512
255458386
281255515
51995203
184414248
63480556
4934959
180856188
5088814
4508701
322525163
334557987
3861941
182628312
41630173
330120131
2904428
11525188
12805384
3151236
59182847
54015621
140462758
339330859
239348732
213490366
31256966
59298160
11190666
11446350
83298537
180601547
180200975
4125602
11918969
3470759
314518250
252982335
157675473
114646449
7478923
253299382
45502503
81793220
22299291
136788051
16698550
197171528
262938213
30921845
333347392
171119493
290706334
109964078
45153597
37646446
20886141
95005915
22056148
35764838
332600431
18118331
19528247
17580524
148271061
17600325
352790532
110518719
10337889
296273299
15612318
183249470
14289950
33102177
8987894
164374914
216248433
67834289
9941173
352595115
3762159
188085198
260169152
115924933
322607336
12042825
12081612
22245666
140433632
2866076
74002092
238718711
115436053
167007074
7983206
11095346
193208463
216846680
6947893
9739596
26313055
22666643
333527921
219426520
212405815
162141904
343755598
5044447
311886543
317073054
52827948
306271836
74721260
144622079
80667783
16846541
350090678
2236250
5047844
3894978
184222790
155468648
20452969
234246643
9537430
55002489
123396680
301809372
257237091
175938406
327249920
2368599
9081158
948152
282023411
151402214
285858249
7080023
11629789
39844622
43880425
324711673
68773798
90971335
264324065
134644404
326921629
132972454
208414251
331164623
324281052
26375604
5403717
346906423
308547491
186229929
135452156
19274752
3064002
161768576
226339009
349378664
194130582
44555875
142823480
883438
30486958
144387190
22658927
47446895
198717656
60709101
84567570
328473641
315112605
158652224
291583953
10469161
172648106
184465305
41181630
251882496
132618206
238542884
55672823
53930982
340737932
315259791
345033068
228064112
300599572
302808774
173908127
298912039
351294409
648582
312756174
22940768
342979058
23566249
106290491
347562612
344648186
49701950
7401770
293929427
6249751
14244403
49372446
337403611
37551101
135212897
12421372
284172564
136217578
71376458
290214006
347681101
1895299
3657204
41624371
337848663
14327528
22479289
280559420
38766090
51383593
10463684
326390821
260736505
253119741
13619458
336162348
19791769
116875
656408
77494567
74360184
115156953
212822055
252698786
32013111
114820023
27759758
5681847
289878939
91267606
7449114
166698175
3809822
28877370
58985522
1283738
222249001
27502704
3222036
3836064
58432480
292291300
37327343
248565170
6778406
11346696
350301123
62569225
22479424
299948756
249392818
3646868
29311599
96580108
236753990
312093186
199336047
156136481
103977121
92045538
348421722
17160362
2199887
328866725
31307063
16767934
342165
3054703
53045587
222773016
33605203
58287099
10007512
26473777
17003337
302320104
340948699
147775507
348754250
30090624
8795252
136821694
200917975
4324310
46293290
342026793
241055565
64872213
46888279
325464477
7845236
219529155
78452067
17784050
27986548
4665175
146741763
156167274
344603745
65282540
2630821
306594730
177012643
92146195
250265199
25768175
59201166
347594158
157739744
216354043
54320525
82242454
12033928
317611263
155084089
139395973
243677488
19650994
138554682
240010627
33605215
207424738
217610725
1463776
285388285
50141096
324780128
14213
3565778
3735243
2901430
333374567
24583450
43887480
105160933
232546650
103350195
133300278
201411479
132015489
336356375
61751282
162991343
345080589
212838347
14230274
19650424
344660514
62957001
285835385
34692261
147419636
227443358
101433317
15306551
345959012
69120663
284013
38652792
18896902
25523968
8081279
193581484
138326839
207251323
343231528
201473768
231742977
156696791
112270326
258858428
258137081
296105244
285703875
219459190
287925383
11500008
237081395
136895388
18474629
45337749
260394827
187953857
56692469
7014771
193573294
69737953
132054945
277394250
104861269
325592199
752613
51988186
344643033
5168328
64680578
302519977
6329176
299180983
7044974
119446867
292845818
325262847
2808527
6820194
68218604
336616046
306692362
42244544
120613360
96974429
350515293
1572490
23465253
6094920
10452113
179039323
145215401
346619699
9656758
184748416
30049376
235131016
266030020
68512
16674963
13365219
1305463
194327309
242710588
142759841
216685295
12758729
193632798
337635274
12750244
287031917
1124484
8541199
99961970
28526054
27835772
192638032
104799472
128555841
2730496
169385799
5127519
23089015
157916320
3222076
6722742
78380104
170955870
5196499
98394121
51750807
19205438
2279809
63026681
290203
55601618
213963602
344408634
153284396
138680934
177278012
140676734
10171287
242883787
165837947
355166
217834824
148051
31860602
135048102
28209591
349834812
68166960
6795886
6283120
120128647
19556759
224120331
14188292
14903452
347890991
173805020
1595331
8387621
11037847
182535783
337737906
1900618
135931055
347285246
112619737
147586778
136479475
4740650
296039678
5608106
172674852
4947701
32992150
2273775
11136061
77770316
31219025
50040529
337221648
20916775
45161163
255918813
39652898
2698659
295283292
32744916
335694207
287920601
282769932
264514186
4123297
335972747
101694231
344830955
41756243
244075710
18198668
288062196
15422886
92411278
23898730
78335496
155168541
134069504
145533076
345604603
23696402
95957685
60688812
289269582
300835982
58874600
206816446
281094750
203250279
9655806
51628545
298406347
12228557
245414500
49694402
4721540
51161947
4669070
42408015
1628369
145465030
18689778
346153076
282530877
23330385
103785303
41595613
116522600
1548741
10602729
27617434
344906668
58562065
38459935
1071429
4609749
240921409
342386550
11275072
25541437
291009864
22477009
89557605
97684814
110031447
14332719
6931516
326480905
32058374
5487926
32521783
23506876
276194217
291392305
78020
97928615
308947137
46803530
229139241
332383885
234241992
1388697
7821297
153531184
133765467
9446710
827686
46771740
18494193
273753218
61329188
1618332
3049990
1473049
240749983
294297853
57274420
3369493
117143783
349788026
155695346
18610122
5721292
31632729
343076237
84028010
307735216
40869383
20429793
10819318
11978171
266823459
19762086
294454128
1291587
4902473
289270992
36190864
306471787
41837572
178846423
3380518
14351382
1714784
124347930
296005746
3022203
335766358
293590915
265950037
15800995
255538213
70521140
229443606
235456261
336515945
1746196
287614217
221991292
6687965
196478784
65700414
52120933
310926964
160233085
414337
338000259
277481255
53407405
144532121
309271322
10733542
9065469
248903240
67822983
724731
201156332
249281936
348556289
115962877
95385537
58074718
456844
217821340
32630610
348877982
293023497
199939407
207707297
40600872
316976353
72914587
157858537
31321679
36408822
349360218
219020756
347569393
50018420
179386821
311949555
4517915
44958099
204258086
36430222
205855268
231469930
109964078
207283962
1432532
258530516
21719650
117247185
290931970
87084829
23278184
234219871
7862337
250652978
154729308
202225624
343136127
12354890
5101501
256375225
62564963
8911440
2178141
312793665
291865652
289484831
249789025
12043680
10875440
180383757
4102726
4786028
182022167
341081805
4192784
19062240
26179792
348907600
11951409
259680974
1431650
240547102
1843962
51426793
320099133
248253920
86904925
106560650
2525478
348880477
1176613
223904504
108155719
88087178
14728353
301500540
16464799
5850171
182739084
2014066
247395620
292418581
317695435
73762639
4705907
218781024
14568728
138171371
142470177
265577369
186664185
218384279
1623031
61781285
65106787
220755775
25843979
83629078
198526336
15930411
13529902
257109647
60241333
340949803
27095305
107098854
4754985
12316180
30279825
331272594
346464172
5698231
260713198
216535303
340929285
31863384
27049833
28757846
1479281
165623561
3330133
137668868
44158161
155666590
171429040
103114061
343785840
2893313
20642035
225991112
11166070
158664102
347651617
25299974
26551779
3627465
284889886
331681224
1763258
217074118
5661434
1138941
201423232
16959578
6665413
1663698
12369392
29571110
346747397
28065408
46310789
274412320
44523189
101850210
17912637
109150882
43247946
338181399
175327101
67249922
6103089
170809294
318482013
237401526
5612799
298446030
74061159
248386150
345070040
317616424
259488274
